0 0.477163 0.288462 0.036058 0.038462
0 0.516827 0.281250 0.033654 0.033654
0 0.566106 0.283654 0.031250 0.038462
0 0.614183 0.280048 0.031250 0.036058
0 0.477163 0.319712 0.036058 0.033654
0 0.519231 0.318510 0.033654 0.026442
0 0.569712 0.317308 0.033654 0.033654
0 0.612981 0.319712 0.024038 0.024038
0 0.479567 0.356971 0.031250 0.021635
0 0.524038 0.359375 0.033654 0.021635
0 0.566106 0.358173 0.036058 0.033654
0 0.612981 0.355769 0.033654 0.028846
0 0.481971 0.393029 0.031250 0.031250
0 0.521635 0.394231 0.028846 0.028846
0 0.567308 0.395433 0.038462 0.031250
0 0.612981 0.394231 0.043269 0.028846
0 0.480769 0.427885 0.028846 0.024038
0 0.519231 0.426683 0.033654 0.031250
0 0.569712 0.427885 0.028846 0.028846
0 0.614183 0.431490 0.031250 0.031250
0 0.729567 0.277644 0.045673 0.031250
0 0.780048 0.284856 0.040865 0.031250
0 0.834135 0.294471 0.048077 0.040865
0 0.888221 0.306490 0.055288 0.036058
0 0.721154 0.314904 0.048077 0.043269
0 0.766827 0.324519 0.043269 0.038462
0 0.820913 0.338942 0.045673 0.038462
0 0.862981 0.338942 0.052885 0.038462
0 0.704327 0.356971 0.048077 0.031250
0 0.753606 0.367788 0.045673 0.033654
0 0.802885 0.373798 0.043269 0.031250
0 0.856971 0.385817 0.040865 0.036058
0 0.694712 0.388221 0.038462 0.026442
0 0.743990 0.397837 0.045673 0.036058
0 0.790865 0.413462 0.038462 0.033654
0 0.681490 0.427885 0.036058 0.028846
0 0.721154 0.439904 0.048077 0.038462
0 0.775240 0.450721 0.036058 0.031250
0 0.819712 0.454327 0.033654 0.033654
0 0.600962 0.481971 0.038462 0.036058
0 0.570913 0.507212 0.036058 0.038462
0 0.543269 0.531250 0.043269 0.033654
0 0.520433 0.556490 0.031250 0.036058
0 0.635817 0.502404 0.045673 0.033654
0 0.606971 0.528846 0.045673 0.033654
0 0.581731 0.557692 0.033654 0.028846
0 0.550481 0.578125 0.038462 0.040865
0 0.671875 0.526442 0.050481 0.033654
0 0.644231 0.550481 0.038462 0.028846
0 0.615385 0.576923 0.043269 0.033654
0 0.584135 0.606971 0.038462 0.036058
0 0.709135 0.551683 0.033654 0.040865
0 0.676683 0.575721 0.045673 0.040865
0 0.652644 0.603365 0.036058 0.033654
0 0.622596 0.627404 0.028846 0.033654
0 0.748798 0.575721 0.055288 0.040865
0 0.716346 0.605769 0.043269 0.038462
0 0.686298 0.623798 0.045673 0.036058
0 0.655048 0.650240 0.040865 0.031250