0 0.098558 0.157452 0.067308 0.055288
0 0.194712 0.156250 0.067308 0.052885
0 0.290865 0.158654 0.067308 0.052885
0 0.384615 0.159856 0.067308 0.055288
0 0.104567 0.234375 0.064904 0.060096
0 0.197115 0.228365 0.062500 0.057692
0 0.292067 0.234375 0.060096 0.055288
0 0.388221 0.229567 0.060096 0.055288
0 0.105769 0.304087 0.067308 0.055288
0 0.195913 0.305288 0.064904 0.052885
0 0.293269 0.304087 0.062500 0.055288
0 0.389423 0.302885 0.072115 0.057692
0 0.109375 0.377404 0.064904 0.057692
0 0.201923 0.376202 0.067308 0.060096
0 0.294471 0.376202 0.064904 0.055288
0 0.387019 0.375000 0.072115 0.052885
0 0.108173 0.445913 0.062500 0.045673
0 0.200721 0.444712 0.064904 0.052885
0 0.295673 0.449519 0.067308 0.062500
0 0.389423 0.444712 0.067308 0.057692
0 0.627404 0.162260 0.081731 0.064904
0 0.719952 0.181490 0.079327 0.069712
0 0.812500 0.201923 0.081731 0.067308
0 0.907452 0.216346 0.084135 0.072115
0 0.599760 0.235577 0.088942 0.067308
0 0.694712 0.252404 0.081731 0.067308
0 0.786058 0.274038 0.072115 0.057692
0 0.882212 0.290865 0.076923 0.067308
0 0.569712 0.307692 0.091346 0.067308
0 0.662260 0.323317 0.084135 0.069712
0 0.758413 0.340144 0.084135 0.064904
0 0.852163 0.364183 0.088942 0.064904
0 0.549279 0.373798 0.084135 0.060096
0 0.641827 0.399038 0.086538 0.057692
0 0.736779 0.411058 0.084135 0.062500
0 0.826923 0.433894 0.081731 0.074519
0 0.524038 0.445913 0.076923 0.064904
0 0.615385 0.463942 0.076923 0.057692
0 0.711538 0.481971 0.081731 0.060096
0 0.799279 0.502404 0.079327 0.067308
0 0.361779 0.549279 0.088942 0.074519
0 0.308894 0.608173 0.084135 0.072115
0 0.250000 0.657452 0.091346 0.074519
0 0.194712 0.710337 0.086538 0.064904
0 0.437500 0.593750 0.086538 0.067308
0 0.378606 0.649038 0.088942 0.067308
0 0.319712 0.701923 0.091346 0.072115
0 0.265625 0.757212 0.084135 0.067308
0 0.512019 0.641827 0.091346 0.067308
0 0.450721 0.692308 0.079327 0.067308
0 0.394231 0.748798 0.081731 0.069712
0 0.335337 0.798077 0.088942 0.057692
0 0.581731 0.676683 0.096154 0.069712
0 0.522837 0.737981 0.084135 0.067308
0 0.471154 0.793269 0.086538 0.062500
0 0.407452 0.842548 0.088942 0.064904
0 0.655048 0.727163 0.084135 0.069712
0 0.594952 0.783654 0.093750 0.067308
0 0.540865 0.830529 0.086538 0.069712
0 0.479567 0.887019 0.088942 0.062500