0 0.096154 0.218750 0.072115 0.057692
0 0.187500 0.221154 0.067308 0.062500
0 0.287260 0.222356 0.084135 0.069712
0 0.388221 0.219952 0.074519 0.060096
0 0.106971 0.298077 0.060096 0.057692
0 0.197115 0.299279 0.072115 0.064904
0 0.289663 0.299279 0.064904 0.060096
0 0.388221 0.296875 0.064904 0.060096
0 0.114183 0.370192 0.064904 0.048077
0 0.199519 0.371394 0.057692 0.045673
0 0.298077 0.371394 0.062500 0.060096
0 0.388221 0.368990 0.064904 0.064904
0 0.121394 0.439904 0.060096 0.062500
0 0.207933 0.444712 0.060096 0.057692
0 0.300481 0.443510 0.057692 0.055288
0 0.394231 0.444712 0.057692 0.052885
0 0.127404 0.509615 0.062500 0.052885
0 0.216346 0.509615 0.067308 0.052885
0 0.306490 0.513221 0.069712 0.050481
0 0.394231 0.509615 0.062500 0.048077
0 0.639423 0.228365 0.091346 0.072115
0 0.736779 0.248798 0.079327 0.074519
0 0.838942 0.263221 0.076923 0.069712
0 0.941106 0.294471 0.093750 0.074519
0 0.610577 0.304087 0.086538 0.074519
0 0.698317 0.320913 0.088942 0.069712
0 0.805288 0.341346 0.086538 0.062500
0 0.900240 0.364183 0.098558 0.074519
0 0.576923 0.376202 0.096154 0.064904
0 0.671875 0.396635 0.084135 0.067308
0 0.768029 0.418269 0.093750 0.072115
0 0.867788 0.439904 0.096154 0.062500
0 0.552885 0.448317 0.086538 0.060096
0 0.643029 0.465144 0.088942 0.064904
0 0.737981 0.486779 0.081731 0.055288
0 0.835337 0.507212 0.093750 0.072115
0 0.528846 0.510817 0.076923 0.060096
0 0.614183 0.538462 0.084135 0.067308
0 0.703125 0.554087 0.079327 0.069712
0 0.801683 0.570913 0.079327 0.064904
0 0.370192 0.611779 0.091346 0.060096
0 0.324519 0.655048 0.076923 0.055288
0 0.271635 0.699519 0.067308 0.052885
0 0.221154 0.746394 0.067308 0.045673
0 0.441106 0.651442 0.079327 0.062500
0 0.388221 0.699519 0.084135 0.057692
0 0.340144 0.742788 0.074519 0.062500
0 0.290865 0.782452 0.076923 0.064904
0 0.515625 0.689904 0.079327 0.062500
0 0.465144 0.736779 0.074519 0.055288
0 0.407452 0.782452 0.079327 0.060096
0 0.358173 0.825721 0.072115 0.060096
0 0.586538 0.733173 0.076923 0.057692
0 0.530048 0.780048 0.074519 0.055288
0 0.475962 0.819712 0.076923 0.048077
0 0.424279 0.859375 0.079327 0.055288
0 0.658654 0.776442 0.076923 0.062500
0 0.599760 0.814904 0.074519 0.057692
0 0.540865 0.856971 0.076923 0.060096
0 0.483173 0.899038 0.081731 0.057692