0 0.194712 0.152644 0.067308 0.055288
0 0.283654 0.163462 0.067308 0.052885
0 0.375000 0.177885 0.067308 0.052885
0 0.463942 0.191106 0.067308 0.055288
0 0.176683 0.222356 0.064904 0.060096
0 0.264423 0.230769 0.062500 0.057692
0 0.354567 0.245192 0.064904 0.052885
0 0.448317 0.260817 0.069712 0.060096
0 0.156250 0.286058 0.067308 0.057692
0 0.248798 0.300481 0.064904 0.052885
0 0.336538 0.311298 0.062500 0.055288
0 0.427885 0.323317 0.072115 0.060096
0 0.138221 0.355769 0.064904 0.057692
0 0.228365 0.368990 0.067308 0.060096
0 0.318510 0.383413 0.064904 0.055288
0 0.406250 0.394231 0.072115 0.052885
0 0.120192 0.426683 0.062500 0.045673
0 0.209135 0.435096 0.072115 0.067308
0 0.300481 0.451923 0.067308 0.062500
0 0.394231 0.463942 0.067308 0.057692
0 0.689904 0.236779 0.081731 0.064904
0 0.772837 0.265625 0.079327 0.069712
0 0.860577 0.295673 0.081731 0.067308
0 0.948317 0.325721 0.084135 0.074519
0 0.650240 0.298077 0.084135 0.067308
0 0.733173 0.328125 0.081731 0.069712
0 0.814904 0.356971 0.076923 0.055288
0 0.903846 0.394231 0.076923 0.067308
0 0.605769 0.358173 0.091346 0.067308
0 0.688702 0.395433 0.084135 0.069712
0 0.775240 0.424279 0.084135 0.064904
0 0.854567 0.453125 0.088942 0.064904
0 0.561298 0.419471 0.084135 0.060096
0 0.646635 0.454327 0.086538 0.057692
0 0.731971 0.485577 0.084135 0.062500
0 0.814904 0.518029 0.081731 0.074519
0 0.521635 0.484375 0.076923 0.064904
0 0.603365 0.519231 0.076923 0.057692
0 0.689904 0.549279 0.081731 0.060096
0 0.775240 0.581731 0.079327 0.067308
0 0.342548 0.561298 0.088942 0.074519
0 0.272837 0.605769 0.084135 0.072115
0 0.201923 0.647837 0.091346 0.074519
0 0.134615 0.688702 0.086538 0.064904
0 0.399038 0.612981 0.086538 0.067308
0 0.330529 0.656250 0.088942 0.067308
0 0.259615 0.701923 0.091346 0.072115
0 0.186298 0.750000 0.084135 0.067308
0 0.459135 0.665865 0.091346 0.067308
0 0.385817 0.718750 0.079327 0.067308
0 0.314904 0.756010 0.081731 0.069712
0 0.246394 0.798077 0.088942 0.057692
0 0.519231 0.722356 0.096154 0.069712
0 0.443510 0.766827 0.084135 0.067308
0 0.375000 0.812500 0.086538 0.062500
0 0.301683 0.854567 0.088942 0.064904
0 0.573317 0.777644 0.084135 0.069712
0 0.501202 0.822115 0.093750 0.067308
0 0.430288 0.862981 0.076923 0.067308
0 0.364183 0.909856 0.084135 0.069712