1 0.507440 0.475813 0.009035 0.035336
1 0.520059 0.757222 0.007943 0.031996
1 0.685509 0.711461 0.008245 0.030924
1 0.701546 0.430109 0.023226 0.017339
1 0.731962 0.233037 0.013272 0.012513
1 0.721002 0.105588 0.013071 0.015373
1 0.834268 0.414647 0.016590 0.016088
1 0.862472 0.369155 0.016892 0.031996
1 0.894647 0.367278 0.005631 0.025025
1 0.863226 0.494727 0.013172 0.031103
1 0.893340 0.488113 0.006033 0.029315
1 0.901283 0.643894 0.005631 0.022344
1 0.811143 0.681253 0.004927 0.031996
1 0.353999 0.123959 0.007948 0.008553
1 0.354470 0.156124 0.008053 0.007437
1 0.396775 0.151104 0.009203 0.009668
1 0.381348 0.188941 0.006589 0.009111
1 0.400017 0.222966 0.007530 0.009854
1 0.352901 0.233099 0.007007 0.010412
1 0.359438 0.412056 0.005857 0.009854
1 0.383545 0.411126 0.007216 0.006136
1 0.353947 0.484568 0.009936 0.011342
1 0.355568 0.529377 0.010668 0.012085
1 0.353215 0.581716 0.012236 0.014502
1 0.277809 0.553826 0.009099 0.011156
1 0.283038 0.594917 0.008471 0.011899
1 0.282097 0.503997 0.008681 0.010040
1 0.221804 0.484940 0.010877 0.011342