1 0.306343 0.430422 0.023031 0.016324
1 0.169587 0.415436 0.017763 0.014183
1 0.321020 0.712883 0.007526 0.034254
1 0.194725 0.686657 0.007225 0.030507
1 0.102375 0.647452 0.005871 0.029169
1 0.488710 0.757841 0.010838 0.035324
1 0.501355 0.476317 0.011741 0.039606
1 0.286323 0.104341 0.016408 0.014451
1 0.275108 0.232391 0.012343 0.011507
1 0.717365 0.595476 0.006927 0.008885
1 0.646912 0.580902 0.013328 0.015588
1 0.717540 0.502572 0.006927 0.008885
1 0.778392 0.486672 0.010083 0.013873
1 0.647482 0.230874 0.007278 0.010444
1 0.618766 0.188474 0.006313 0.007950
1 0.645290 0.155973 0.007102 0.008106
1 0.645421 0.123005 0.006488 0.009820