1 0.816149 0.840354 0.010875 0.021876
1 0.743604 0.890084 0.016884 0.025692
1 0.701179 0.931293 0.006725 0.026709
1 0.642728 0.961945 0.020891 0.019841
1 0.641441 0.844551 0.024038 0.033832
1 0.581201 0.871897 0.008871 0.034595
1 0.503045 0.899853 0.027985 0.035931
1 0.430556 0.926916 0.010494 0.035240
1 0.500842 0.751866 0.025653 0.034319
1 0.425114 0.775705 0.012308 0.039156
1 0.418636 0.620923 0.009717 0.035931
1 0.498251 0.603764 0.027208 0.031095
1 0.491579 0.460268 0.027337 0.036162
1 0.420709 0.477773 0.011531 0.036622
1 0.472015 0.316082 0.026042 0.032477
1 0.403477 0.327598 0.009717 0.033858
1 0.461261 0.187212 0.026560 0.035471
1 0.391687 0.195389 0.008162 0.035701
1 0.597365 0.208172 0.019434 0.029022
1 0.540164 0.205869 0.007385 0.025336
1 0.701013 0.235006 0.018398 0.030634
1 0.658453 0.231090 0.007385 0.027409
1 0.744092 0.256772 0.006348 0.024876
1 0.774927 0.257808 0.013863 0.023724
1 0.792742 0.350286 0.011142 0.023954
1 0.719605 0.334969 0.017491 0.032477
1 0.679182 0.336811 0.011531 0.030173
1 0.615374 0.325525 0.020471 0.033858
1 0.559792 0.328980 0.010624 0.032477
1 0.633771 0.447945 0.021507 0.030864
1 0.576182 0.464760 0.009976 0.032246
1 0.693434 0.459116 0.008421 0.027409
1 0.732755 0.445527 0.017102 0.026949
1 0.804791 0.446103 0.012438 0.022572
1 0.742278 0.554588 0.014640 0.025336
1 0.816711 0.543187 0.011401 0.019578
1 0.786523 0.549982 0.005442 0.026258
1 0.700365 0.570711 0.005960 0.025336
1 0.640962 0.579003 0.021377 0.031325
1 0.578255 0.594896 0.008421 0.029943
1 0.744999 0.672287 0.013863 0.021190
1 0.703021 0.695896 0.007903 0.025567
1 0.818978 0.645108 0.011013 0.020730
1 0.789244 0.662613 0.004664 0.025336
1 0.818913 0.742652 0.012956 0.020499
1 0.744546 0.784342 0.017102 0.027409
1 0.641869 0.715474 0.022155 0.027409
1 0.700560 0.814515 0.007126 0.030634
1 0.764852 0.352717 0.006725 0.024420
1 0.776156 0.457647 0.006153 0.024674
1 0.184283 0.555919 0.007192 0.017227
1 0.187954 0.622672 0.007116 0.015073