1 0.673532 0.232604 0.007891 0.010382
1 0.670612 0.156566 0.006787 0.008698
1 0.710938 0.069304 0.007576 0.012065
1 0.499369 0.246633 0.023832 0.031145
1 0.575284 0.224046 0.010574 0.034792
1 0.502289 0.395062 0.025884 0.027778
1 0.580887 0.378788 0.009154 0.035634
1 0.508049 0.541947 0.024779 0.036476
1 0.578362 0.517957 0.010101 0.036756
1 0.528172 0.683361 0.024937 0.029742
1 0.597064 0.669473 0.008049 0.036195
1 0.539141 0.815797 0.023201 0.030303
1 0.606376 0.804994 0.008996 0.027217
1 0.403093 0.794052 0.019729 0.030584
1 0.459675 0.795595 0.007260 0.026375
1 0.386206 0.676908 0.021622 0.033670
1 0.366793 0.553030 0.022569 0.028900
1 0.422033 0.533810 0.007734 0.031987
1 0.440183 0.668911 0.010574 0.028339
1 0.300426 0.764731 0.014205 0.030303
1 0.341698 0.771465 0.007418 0.029181
1 0.279514 0.668771 0.014362 0.027497
1 0.320865 0.664703 0.008049 0.025533
1 0.224195 0.741021 0.012626 0.023288
1 0.256155 0.742144 0.007418 0.021044
1 0.207781 0.649270 0.013573 0.022166
1 0.194129 0.555275 0.010890 0.021044
1 0.358595 0.422951 0.020003 0.026615
1 0.420554 0.405730 0.008303 0.029299
1 0.257070 0.445093 0.015977 0.022589
1 0.298271 0.427760 0.006039 0.024155
1 0.253736 0.329129 0.013587 0.021023
1 0.297265 0.305757 0.006793 0.027957
1 0.223166 0.542382 0.005787 0.022142
1 0.235054 0.648059 0.007926 0.018787
1 0.267386 0.552223 0.014216 0.027957
1 0.183600 0.457729 0.010693 0.019234
1 0.213227 0.450013 0.004781 0.023036
1 0.180644 0.353619 0.010064 0.019458
1 0.209642 0.336845 0.005913 0.023931
1 0.181524 0.257224 0.012329 0.020800
1 0.212976 0.235082 0.004277 0.022142
1 0.254743 0.215065 0.015348 0.020129
1 0.183977 0.160941 0.010190 0.021471
1 0.254932 0.108383 0.015726 0.023260
1 0.297328 0.066559 0.007171 0.025944
1 0.299026 0.186549 0.008806 0.029746
1 0.358658 0.153113 0.023148 0.033995
1 0.356205 0.034689 0.022519 0.027062
1 0.419359 0.129630 0.007674 0.031312
1 0.358280 0.284510 0.021638 0.026167
1 0.415459 0.257671 0.007674 0.033324
1 0.496289 0.097759 0.026922 0.036903
1 0.568312 0.069690 0.011197 0.032206
1 0.812248 0.377997 0.007171 0.015432
1 0.816085 0.443863 0.008303 0.016103
1 0.307808 0.538871 0.005798 0.025769