1 0.492560 0.475813 0.009035 0.035336
1 0.479941 0.757222 0.007943 0.031996
1 0.314491 0.711461 0.008245 0.030924
1 0.298454 0.430109 0.023226 0.017339
1 0.268038 0.233037 0.013272 0.012513
1 0.278998 0.105588 0.013071 0.015373
1 0.165732 0.414647 0.016590 0.016088
1 0.137528 0.369155 0.016892 0.031996
1 0.105353 0.367278 0.005631 0.025025
1 0.136774 0.494727 0.013172 0.031103
1 0.106660 0.488113 0.006033 0.029315
1 0.098717 0.643894 0.005631 0.022344
1 0.188857 0.681253 0.004927 0.031996
1 0.646001 0.123959 0.007948 0.008553
1 0.645530 0.156124 0.008053 0.007437
1 0.603225 0.151104 0.009203 0.009668
1 0.618652 0.188941 0.006589 0.009111
1 0.599983 0.222966 0.007530 0.009854
1 0.647099 0.233099 0.007007 0.010412
1 0.640562 0.412056 0.005857 0.009854
1 0.616455 0.411126 0.007216 0.006136
1 0.646053 0.484568 0.009936 0.011342
1 0.644432 0.529377 0.010668 0.012085
1 0.646785 0.581716 0.012236 0.014502
1 0.722191 0.553826 0.009099 0.011156
1 0.716962 0.594917 0.008471 0.011899
1 0.717903 0.503997 0.008681 0.010040
1 0.778196 0.484940 0.010877 0.011342