1 0.693657 0.569578 0.023031 0.016324
1 0.830413 0.584564 0.017763 0.014183
1 0.678980 0.287117 0.007526 0.034254
1 0.805275 0.313343 0.007225 0.030507
1 0.897625 0.352548 0.005871 0.029169
1 0.511290 0.242159 0.010838 0.035324
1 0.498645 0.523683 0.011741 0.039606
1 0.713677 0.895659 0.016408 0.014451
1 0.724892 0.767609 0.012343 0.011507
1 0.282635 0.404524 0.006927 0.008885
1 0.353088 0.419098 0.013328 0.015588
1 0.282460 0.497428 0.006927 0.008885
1 0.221608 0.513328 0.010083 0.013873
1 0.352518 0.769126 0.007278 0.010444
1 0.381234 0.811526 0.006313 0.007950
1 0.354710 0.844027 0.007102 0.008106
1 0.354579 0.876995 0.006488 0.009820