1 0.183851 0.840354 0.010875 0.021876
1 0.256396 0.890084 0.016884 0.025692
1 0.298821 0.931293 0.006725 0.026709
1 0.357272 0.961945 0.020891 0.019841
1 0.358559 0.844551 0.024038 0.033832
1 0.418799 0.871897 0.008871 0.034595
1 0.496955 0.899853 0.027985 0.035931
1 0.569444 0.926916 0.010494 0.035240
1 0.499158 0.751866 0.025653 0.034319
1 0.574886 0.775705 0.012308 0.039156
1 0.581364 0.620923 0.009717 0.035931
1 0.501749 0.603764 0.027208 0.031095
1 0.508421 0.460268 0.027337 0.036162
1 0.579291 0.477773 0.011531 0.036622
1 0.527985 0.316082 0.026042 0.032477
1 0.596523 0.327598 0.009717 0.033858
1 0.538739 0.187212 0.026560 0.035471
1 0.608313 0.195389 0.008162 0.035701
1 0.402635 0.208172 0.019434 0.029022
1 0.459836 0.205869 0.007385 0.025336
1 0.298987 0.235006 0.018398 0.030634
1 0.341547 0.231090 0.007385 0.027409
1 0.255908 0.256772 0.006348 0.024876
1 0.225073 0.257808 0.013863 0.023724
1 0.207258 0.350286 0.011142 0.023954
1 0.280395 0.334969 0.017491 0.032477
1 0.320818 0.336811 0.011531 0.030173
1 0.384626 0.325525 0.020471 0.033858
1 0.440208 0.328980 0.010624 0.032477
1 0.366229 0.447945 0.021507 0.030864
1 0.423818 0.464760 0.009976 0.032246
1 0.306566 0.459116 0.008421 0.027409
1 0.267245 0.445527 0.017102 0.026949
1 0.195209 0.446103 0.012438 0.022572
1 0.257722 0.554588 0.014640 0.025336
1 0.183289 0.543187 0.011401 0.019578
1 0.213477 0.549982 0.005442 0.026258
1 0.299635 0.570711 0.005960 0.025336
1 0.359038 0.579003 0.021377 0.031325
1 0.421745 0.594896 0.008421 0.029943
1 0.255001 0.672287 0.013863 0.021190
1 0.296979 0.695896 0.007903 0.025567
1 0.181022 0.645108 0.011013 0.020730
1 0.210756 0.662613 0.004664 0.025336
1 0.181087 0.742652 0.012956 0.020499
1 0.255454 0.784342 0.017102 0.027409
1 0.358131 0.715474 0.022155 0.027409
1 0.299440 0.814515 0.007126 0.030634
1 0.235148 0.352717 0.006725 0.024420
1 0.223844 0.457647 0.006153 0.024674
1 0.815717 0.555919 0.007192 0.017227
1 0.812046 0.622672 0.007116 0.015073