1 0.500631 0.753367 0.023832 0.031145
1 0.424716 0.775954 0.010574 0.034792
1 0.497711 0.604938 0.025884 0.027778
1 0.419113 0.621212 0.009154 0.035634
1 0.491951 0.458053 0.024779 0.036476
1 0.421638 0.482043 0.010101 0.036756
1 0.471828 0.316639 0.024937 0.029742
1 0.402936 0.330527 0.008049 0.036195
1 0.460859 0.184203 0.023201 0.030303
1 0.393624 0.195006 0.008996 0.027217
1 0.596907 0.205948 0.019729 0.030584
1 0.540325 0.204405 0.007260 0.026375
1 0.613794 0.323092 0.021622 0.033670
1 0.633207 0.446970 0.022569 0.028900
1 0.577967 0.466190 0.007734 0.031987
1 0.559817 0.331089 0.010574 0.028339
1 0.699574 0.235269 0.014205 0.030303
1 0.658302 0.228535 0.007418 0.029181
1 0.720486 0.331229 0.014362 0.027497
1 0.679135 0.335297 0.008049 0.025533
1 0.775805 0.258979 0.012626 0.023288
1 0.743845 0.257856 0.007418 0.021044
1 0.792219 0.350730 0.013573 0.022166
1 0.805871 0.444725 0.010890 0.021044
1 0.641405 0.577049 0.020003 0.026615
1 0.579446 0.594270 0.008303 0.029299
1 0.742930 0.554907 0.015977 0.022589
1 0.701729 0.572240 0.006039 0.024155
1 0.746264 0.670871 0.013587 0.021023
1 0.702735 0.694243 0.006793 0.027957
1 0.776834 0.457618 0.005787 0.022142
1 0.764946 0.351941 0.007926 0.018787
1 0.732614 0.447777 0.014216 0.027957
1 0.816400 0.542271 0.010693 0.019234
1 0.786773 0.549987 0.004781 0.023036
1 0.819356 0.646381 0.010064 0.019458
1 0.790358 0.663155 0.005913 0.023931
1 0.818476 0.742776 0.012329 0.020800
1 0.787024 0.764918 0.004277 0.022142
1 0.745257 0.784935 0.015348 0.020129
1 0.816023 0.839059 0.010190 0.021471
1 0.745068 0.891617 0.015726 0.023260
1 0.702672 0.933441 0.007171 0.025944
1 0.700974 0.813451 0.008806 0.029746
1 0.641342 0.846887 0.023148 0.033995
1 0.643795 0.965311 0.022519 0.027062
1 0.580641 0.870370 0.007674 0.031312
1 0.641720 0.715490 0.021638 0.026167
1 0.584541 0.742329 0.007674 0.033324
1 0.503711 0.902241 0.026922 0.036903
1 0.431688 0.930310 0.011197 0.032206
1 0.187752 0.622003 0.007171 0.015432
1 0.183915 0.556137 0.008303 0.016103
1 0.692192 0.461129 0.005798 0.025769