1 0.507440 0.524187 0.009035 0.035336
1 0.520059 0.242778 0.007943 0.031996
1 0.685509 0.288539 0.008245 0.030924
1 0.701546 0.569891 0.023226 0.017339
1 0.731962 0.766963 0.013272 0.012513
1 0.721002 0.894412 0.013071 0.015373
1 0.834268 0.585353 0.016590 0.016088
1 0.862472 0.630845 0.016892 0.031996
1 0.894647 0.632722 0.005631 0.025025
1 0.863226 0.505273 0.013172 0.031103
1 0.893340 0.511887 0.006033 0.029315
1 0.901283 0.356106 0.005631 0.022344
1 0.811143 0.318747 0.004927 0.031996
1 0.353999 0.876041 0.007948 0.008553
1 0.354470 0.843876 0.008053 0.007437
1 0.396775 0.848896 0.009203 0.009668
1 0.381348 0.811059 0.006589 0.009111
1 0.400017 0.777034 0.007530 0.009854
1 0.352901 0.766901 0.007007 0.010412
1 0.359438 0.587944 0.005857 0.009854
1 0.383545 0.588874 0.007216 0.006136
1 0.353947 0.515432 0.009936 0.011342
1 0.355568 0.470623 0.010668 0.012085
1 0.353215 0.418284 0.012236 0.014502
1 0.277809 0.446174 0.009099 0.011156
1 0.283038 0.405083 0.008471 0.011899
1 0.282097 0.496003 0.008681 0.010040
1 0.221804 0.515060 0.010877 0.011342