1 0.183851 0.159646 0.010875 0.021876
1 0.256396 0.109916 0.016884 0.025692
1 0.298821 0.068707 0.006725 0.026709
1 0.357272 0.038055 0.020891 0.019841
1 0.358559 0.155449 0.024038 0.033832
1 0.418799 0.128103 0.008871 0.034595
1 0.496955 0.100147 0.027985 0.035931
1 0.569444 0.073084 0.010494 0.035240
1 0.499158 0.248134 0.025653 0.034319
1 0.574886 0.224295 0.012308 0.039156
1 0.581364 0.379077 0.009717 0.035931
1 0.501749 0.396236 0.027208 0.031095
1 0.508421 0.539732 0.027337 0.036162
1 0.579291 0.522227 0.011531 0.036622
1 0.527985 0.683918 0.026042 0.032477
1 0.596523 0.672402 0.009717 0.033858
1 0.538739 0.812788 0.026560 0.035471
1 0.608313 0.804611 0.008162 0.035701
1 0.402635 0.791828 0.019434 0.029022
1 0.459836 0.794131 0.007385 0.025336
1 0.298987 0.764994 0.018398 0.030634
1 0.341547 0.768910 0.007385 0.027409
1 0.255908 0.743228 0.006348 0.024876
1 0.225073 0.742192 0.013863 0.023724
1 0.207258 0.649714 0.011142 0.023954
1 0.280395 0.665031 0.017491 0.032477
1 0.320818 0.663189 0.011531 0.030173
1 0.384626 0.674475 0.020471 0.033858
1 0.440208 0.671020 0.010624 0.032477
1 0.366229 0.552055 0.021507 0.030864
1 0.423818 0.535240 0.009976 0.032246
1 0.306566 0.540884 0.008421 0.027409
1 0.267245 0.554473 0.017102 0.026949
1 0.195209 0.553897 0.012438 0.022572
1 0.257722 0.445412 0.014640 0.025336
1 0.183289 0.456813 0.011401 0.019578
1 0.213477 0.450018 0.005442 0.026258
1 0.299635 0.429289 0.005960 0.025336
1 0.359038 0.420997 0.021377 0.031325
1 0.421745 0.405104 0.008421 0.029943
1 0.255001 0.327713 0.013863 0.021190
1 0.296979 0.304104 0.007903 0.025567
1 0.181022 0.354892 0.011013 0.020730
1 0.210756 0.337387 0.004664 0.025336
1 0.181087 0.257348 0.012956 0.020499
1 0.255454 0.215658 0.017102 0.027409
1 0.358131 0.284526 0.022155 0.027409
1 0.299440 0.185485 0.007126 0.030634
1 0.235148 0.647283 0.006725 0.024420
1 0.223844 0.542353 0.006153 0.024674
1 0.815717 0.444081 0.007192 0.017227
1 0.812046 0.377328 0.007116 0.015073